{
 "cells": [
  {
   "cell_type": "code",
   "execution_count": 141,
   "metadata": {},
   "outputs": [],
   "source": [
    "import pandas as pd\n",
    "\n",
    "import torch.nn as nn \n",
    "from torch.nn.init import xavier_uniform_, kaiming_uniform_\n",
    "import torch\n",
    "\n",
    "from preprocessing import preprocess \n",
    "\n",
    "import torch\n",
    "import torch.nn as nn\n",
    "import torch.optim as optim\n",
    "from torch.nn.init import kaiming_uniform_, xavier_uniform_\n",
    "from torch.utils.data import DataLoader, TensorDataset\n",
    "from sklearn.model_selection import train_test_split\n",
    "from sklearn.preprocessing import StandardScaler\n",
    "from sklearn.metrics import accuracy_score\n",
    "import pandas as pd"
   ]
  },
  {
   "cell_type": "code",
   "execution_count": 142,
   "metadata": {},
   "outputs": [],
   "source": [
    "df_train = pd.read_csv('datasets/train_radiomics_hipocamp.csv')\n",
    "df_test = pd.read_csv('datasets/test_radiomics_hipocamp.csv')\n",
    "\n"
   ]
  },
  {
   "cell_type": "code",
   "execution_count": null,
   "metadata": {},
   "outputs": [],
   "source": []
  },
  {
   "cell_type": "code",
   "execution_count": 158,
   "metadata": {},
   "outputs": [],
   "source": [
    "class MLP_1(nn.Module):\n",
    "    def __init__(self, n_inputs, n_classes):\n",
    "        super(MLP_1, self).__init__()\n",
    "        self.hidden1 = nn.Linear(n_inputs, 512)\n",
    "        self.act1 = nn.ReLU()\n",
    "\n",
    "        self.hidden1_1 = nn.Linear(512, 512)\n",
    "        self.act1_1 = nn.ReLU()\n",
    "        \n",
    "        self.hidden2 = nn.Linear(512, 256)\n",
    "        self.act2 = nn.ReLU()\n",
    "        \n",
    "        self.hidden3 = nn.Linear(256, 128)\n",
    "        self.act3 = nn.ReLU()\n",
    "        \n",
    "        self.output = nn.Linear(128, n_classes)\n",
    "        self.act4 = nn.Softmax(dim=1)\n",
    "\n",
    "    def forward(self, X):\n",
    "        X = self.hidden1(X)\n",
    "        X = self.act1(X)\n",
    "        X = self.hidden1_1(X)\n",
    "        X = self.act1_1(X)\n",
    "        X = self.hidden2(X)\n",
    "        X = self.act2(X)\n",
    "        X = self.hidden3(X)\n",
    "        X = self.act3(X)\n",
    "        X = self.output(X)\n",
    "        X = self.act4(X)\n",
    "        print(X)\n",
    "        return X"
   ]
  },
  {
   "cell_type": "code",
   "execution_count": 154,
   "metadata": {},
   "outputs": [],
   "source": [
    "from sklearn.metrics import f1_score\n",
    "\n",
    "\n",
    "input\n",
    "class RadiomicsClassifier:\n",
    "    def __init__(self, input_size, num_classes, learning_rate=0.001, batch_size=32, epochs=25):\n",
    "        self.input_size = input_size\n",
    "        self.num_classes = num_classes\n",
    "        self.learning_rate = learning_rate\n",
    "        self.batch_size = batch_size\n",
    "        self.epochs = epochs\n",
    "\n",
    "        # Define the model\n",
    "        self.model = MLP_1(input_size, num_classes)\n",
    "\n",
    "        # Loss function and optimizer\n",
    "        self.criterion = nn.CrossEntropyLoss()\n",
    "        self.optimizer = optim.Adam(self.model.parameters(), lr=learning_rate)\n",
    "\n",
    "    def preprocess_data(self, df):\n",
    "        # Train-test split\n",
    "        X_train, X_test, y_train, y_test, self.le = preprocess(df)\n",
    "        \n",
    "        # Convert to PyTorch tensors\n",
    "        X_train_tensor = torch.tensor(X_train.values, dtype=torch.float32)\n",
    "        X_test_tensor = torch.tensor(X_test.values, dtype=torch.float32)\n",
    "        y_train_tensor = torch.tensor(y_train, dtype=torch.long)\n",
    "        y_test_tensor = torch.tensor(y_test, dtype=torch.long)\n",
    "\n",
    "        # Create DataLoaders\n",
    "        self.train_loader = DataLoader(TensorDataset(X_train_tensor, y_train_tensor), batch_size=self.batch_size, shuffle=True)\n",
    "        self.test_loader = DataLoader(TensorDataset(X_test_tensor, y_test_tensor), batch_size=self.batch_size, shuffle=False)\n",
    "\n",
    "    def train(self):\n",
    "        self.model.train()\n",
    "        for epoch in range(self.epochs):\n",
    "            epoch_loss = 0.0\n",
    "            for X_batch, y_batch in self.train_loader:\n",
    "                self.optimizer.zero_grad()\n",
    "                outputs = self.model(X_batch)\n",
    "                loss = self.criterion(outputs, y_batch)\n",
    "                loss.backward()\n",
    "                self.optimizer.step()\n",
    "                epoch_loss += loss.item()\n",
    "            print(f\"Epoch [{epoch+1}/{self.epochs}], Loss: {epoch_loss/len(self.train_loader):.4f}\")\n",
    "\n",
    "    def evaluate(self):\n",
    "        self.model.eval()\n",
    "        all_preds = []\n",
    "        all_labels = []\n",
    "        with torch.no_grad():\n",
    "            for X_batch, y_batch in self.test_loader:\n",
    "                outputs = self.model(X_batch)\n",
    "                _, preds = torch.max(outputs, 1)\n",
    "                all_preds.extend(preds.cpu().numpy())\n",
    "                all_labels.extend(y_batch.cpu().numpy())\n",
    "        accuracy = accuracy_score(all_labels, all_preds)\n",
    "        f1 = f1_score(all_labels, all_preds,  average='weighted')\n",
    "        print(f\"Test Accuracy: {accuracy:.4f}, f1: {f1:.4f}\")\n",
    "\n",
    "    def save_model(self, filepath):\n",
    "        torch.save(self.model.state_dict(), filepath)\n",
    "        print(f\"Model saved to {filepath}\")\n",
    "\n",
    "    def load_model(self, filepath):\n",
    "        self.model.load_state_dict(torch.load(filepath))\n",
    "        self.model.eval()\n",
    "        print(f\"Model loaded from {filepath}\")\n",
    "\n",
    "    # def predict(self, test_loader=None):\n",
    "    #     if test_loader is None:\n",
    "    #         test_loader = self.test_loader\n",
    "    #     self.model.eval()\n",
    "    #     predictions = []\n",
    "    #     with torch.no_grad():\n",
    "    #         for X_batch, _ in test_loader:\n",
    "    #             outputs = self.model(X_batch)\n",
    "    #             _, preds = torch.max(outputs, 1)\n",
    "    #             predictions.extend(preds.cpu().numpy())\n",
    "    #     return predictions\n",
    "\n",
    "    def predict(self, df):\n",
    "        # Preprocess the new DataFrame\n",
    "        X = preprocess(df,mode=\"test\")\n",
    "        X_new = X.values  # Assuming df contains only features\n",
    "        # Convert to PyTorch tensor\n",
    "        X_new_tensor = torch.tensor(X_new, dtype=torch.float32)\n",
    "        new_loader = DataLoader(TensorDataset(X_new_tensor), batch_size=self.batch_size, shuffle=False)\n",
    "\n",
    "        # Make predictions\n",
    "        self.model.eval()\n",
    "        predictions = []\n",
    "        with torch.no_grad():\n",
    "            for X_batch in new_loader:\n",
    "                outputs = self.model(X_batch[0])\n",
    "                _, preds = torch.max(outputs, 1)\n",
    "                predictions.extend(preds.cpu().numpy())\n",
    "        return predictions\n"
   ]
  },
  {
   "cell_type": "code",
   "execution_count": 159,
   "metadata": {},
   "outputs": [
    {
     "name": "stdout",
     "output_type": "stream",
     "text": [
      "tensor([[0.2077, 0.2007, 0.1986, 0.1998, 0.1932],\n",
      "        [0.2064, 0.1990, 0.1973, 0.2044, 0.1929],\n",
      "        [0.2077, 0.2019, 0.2007, 0.1988, 0.1909],\n",
      "        [0.2043, 0.2018, 0.1990, 0.2028, 0.1920],\n",
      "        [0.2046, 0.2028, 0.1989, 0.2013, 0.1925],\n",
      "        [0.2015, 0.2047, 0.1988, 0.2041, 0.1909],\n",
      "        [0.2066, 0.2004, 0.1990, 0.2024, 0.1916],\n",
      "        [0.2044, 0.2011, 0.2018, 0.2013, 0.1914],\n",
      "        [0.2029, 0.2008, 0.2002, 0.2050, 0.1911],\n",
      "        [0.2009, 0.2010, 0.2040, 0.2025, 0.1917],\n",
      "        [0.2014, 0.2008, 0.2026, 0.2021, 0.1931],\n",
      "        [0.2067, 0.1979, 0.2002, 0.2018, 0.1933],\n",
      "        [0.2034, 0.2014, 0.2007, 0.2011, 0.1935],\n",
      "        [0.2052, 0.2002, 0.2011, 0.2017, 0.1919],\n",
      "        [0.2053, 0.1994, 0.1985, 0.2047, 0.1922],\n",
      "        [0.2071, 0.1995, 0.1995, 0.2021, 0.1918],\n",
      "        [0.2061, 0.2025, 0.1988, 0.2018, 0.1908],\n",
      "        [0.2032, 0.1986, 0.2014, 0.2040, 0.1928],\n",
      "        [0.2075, 0.1993, 0.1994, 0.2037, 0.1901],\n",
      "        [0.2054, 0.1995, 0.1998, 0.2018, 0.1934],\n",
      "        [0.2042, 0.1982, 0.1992, 0.2046, 0.1939],\n",
      "        [0.2022, 0.2017, 0.2002, 0.2053, 0.1906],\n",
      "        [0.2057, 0.1997, 0.2002, 0.2046, 0.1899],\n",
      "        [0.2033, 0.1998, 0.2000, 0.2042, 0.1926],\n",
      "        [0.2065, 0.1994, 0.1983, 0.2026, 0.1932],\n",
      "        [0.2048, 0.2000, 0.2029, 0.2021, 0.1902],\n",
      "        [0.2099, 0.2030, 0.1979, 0.2025, 0.1868],\n",
      "        [0.2050, 0.1986, 0.2020, 0.2015, 0.1929],\n",
      "        [0.2133, 0.2034, 0.1960, 0.1970, 0.1904],\n",
      "        [0.2031, 0.2009, 0.2019, 0.2018, 0.1923],\n",
      "        [0.2048, 0.1992, 0.1989, 0.2028, 0.1943],\n",
      "        [0.2080, 0.2003, 0.1989, 0.2012, 0.1917]], grad_fn=<SoftmaxBackward0>)\n",
      "tensor([[0.1851, 0.2306, 0.1882, 0.2028, 0.1933],\n",
      "        [0.1975, 0.2064, 0.1922, 0.2099, 0.1940],\n",
      "        [0.1976, 0.2030, 0.1906, 0.2107, 0.1981],\n",
      "        [0.1930, 0.2094, 0.1917, 0.2067, 0.1993],\n",
      "        [0.1727, 0.2598, 0.1859, 0.1949, 0.1868],\n",
      "        [0.2001, 0.2008, 0.1837, 0.2138, 0.2016],\n",
      "        [0.1848, 0.2276, 0.1872, 0.2007, 0.1997],\n",
      "        [0.1872, 0.2279, 0.1882, 0.2021, 0.1945],\n",
      "        [0.1975, 0.2051, 0.1912, 0.2074, 0.1988],\n",
      "        [0.1868, 0.2296, 0.1872, 0.2028, 0.1937],\n",
      "        [0.1976, 0.2031, 0.1935, 0.2107, 0.1950],\n",
      "        [0.1981, 0.2062, 0.1893, 0.2114, 0.1950],\n",
      "        [0.1926, 0.2193, 0.1919, 0.2021, 0.1941],\n",
      "        [0.2026, 0.2046, 0.1860, 0.2030, 0.2037],\n",
      "        [0.1931, 0.2078, 0.1907, 0.2065, 0.2019],\n",
      "        [0.1925, 0.2140, 0.1907, 0.2046, 0.1982],\n",
      "        [0.1944, 0.2068, 0.1928, 0.2051, 0.2009],\n",
      "        [0.1911, 0.2214, 0.1887, 0.2038, 0.1951],\n",
      "        [0.1824, 0.2366, 0.1864, 0.2018, 0.1927],\n",
      "        [0.2001, 0.1955, 0.1917, 0.2150, 0.1977],\n",
      "        [0.1685, 0.2549, 0.1818, 0.1971, 0.1977],\n",
      "        [0.1914, 0.2170, 0.1906, 0.2046, 0.1964],\n",
      "        [0.1973, 0.1989, 0.1908, 0.2183, 0.1947],\n",
      "        [0.1949, 0.2076, 0.1926, 0.2040, 0.2010],\n",
      "        [0.1851, 0.2214, 0.1889, 0.1997, 0.2049],\n",
      "        [0.1923, 0.2141, 0.1919, 0.2033, 0.1985],\n",
      "        [0.1850, 0.2332, 0.1883, 0.1996, 0.1939],\n",
      "        [0.1945, 0.2102, 0.1914, 0.2096, 0.1943],\n",
      "        [0.1902, 0.2257, 0.1895, 0.1988, 0.1957],\n",
      "        [0.1937, 0.2050, 0.1889, 0.2169, 0.1955],\n",
      "        [0.1918, 0.2133, 0.1915, 0.2026, 0.2007],\n",
      "        [0.1971, 0.2022, 0.1875, 0.2148, 0.1984]], grad_fn=<SoftmaxBackward0>)\n",
      "tensor([[0.1838, 0.2272, 0.1829, 0.2115, 0.1945],\n",
      "        [0.1857, 0.2165, 0.1720, 0.2360, 0.1898],\n",
      "        [0.1664, 0.2720, 0.1694, 0.1912, 0.2010],\n",
      "        [0.1795, 0.2322, 0.1767, 0.2166, 0.1951],\n",
      "        [0.1890, 0.2358, 0.1810, 0.2044, 0.1898],\n",
      "        [0.1452, 0.3379, 0.1473, 0.1750, 0.1947],\n",
      "        [0.1869, 0.2100, 0.1576, 0.2626, 0.1829],\n",
      "        [0.1734, 0.2530, 0.1692, 0.2034, 0.2010],\n",
      "        [0.1636, 0.2842, 0.1651, 0.1893, 0.1978],\n",
      "        [0.1469, 0.3258, 0.1528, 0.1804, 0.1940],\n",
      "        [0.1775, 0.2203, 0.1483, 0.2781, 0.1758],\n",
      "        [0.1777, 0.2361, 0.1721, 0.2082, 0.2059],\n",
      "        [0.1849, 0.2157, 0.1617, 0.2509, 0.1867],\n",
      "        [0.1796, 0.2141, 0.1406, 0.2901, 0.1757],\n",
      "        [0.1807, 0.2165, 0.1422, 0.2779, 0.1826],\n",
      "        [0.1287, 0.3870, 0.1345, 0.1672, 0.1827],\n",
      "        [0.1885, 0.2123, 0.1673, 0.2373, 0.1945],\n",
      "        [0.1285, 0.3815, 0.1336, 0.1655, 0.1910],\n",
      "        [0.1524, 0.3024, 0.1518, 0.1868, 0.2066],\n",
      "        [0.1868, 0.2155, 0.1653, 0.2447, 0.1877],\n",
      "        [0.1873, 0.2227, 0.1806, 0.2046, 0.2048],\n",
      "        [0.1855, 0.2100, 0.1719, 0.2398, 0.1928],\n",
      "        [0.1485, 0.3248, 0.1561, 0.1806, 0.1900],\n",
      "        [0.1733, 0.2649, 0.1615, 0.1958, 0.2045],\n",
      "        [0.1833, 0.2177, 0.1723, 0.2254, 0.2013],\n",
      "        [0.1378, 0.3563, 0.1464, 0.1760, 0.1835],\n",
      "        [0.1716, 0.2669, 0.1692, 0.1926, 0.1996],\n",
      "        [0.1901, 0.2157, 0.1810, 0.2094, 0.2038],\n",
      "        [0.1843, 0.2250, 0.1817, 0.2064, 0.2026],\n",
      "        [0.1745, 0.2543, 0.1722, 0.2060, 0.1929],\n",
      "        [0.1755, 0.2373, 0.1615, 0.2233, 0.2024],\n",
      "        [0.1881, 0.2172, 0.1724, 0.2379, 0.1844]], grad_fn=<SoftmaxBackward0>)\n",
      "tensor([[0.2019, 0.2048, 0.1711, 0.2275, 0.1946],\n",
      "        [0.2117, 0.2064, 0.1515, 0.2459, 0.1845],\n",
      "        [0.1279, 0.4125, 0.1237, 0.1626, 0.1733],\n",
      "        [0.1177, 0.4488, 0.1192, 0.1488, 0.1655],\n",
      "        [0.1633, 0.2869, 0.1546, 0.1940, 0.2012],\n",
      "        [0.2203, 0.1926, 0.1283, 0.2763, 0.1824],\n",
      "        [0.0472, 0.7302, 0.0538, 0.0751, 0.0937],\n",
      "        [0.0728, 0.6165, 0.0791, 0.1082, 0.1234],\n",
      "        [0.1679, 0.2797, 0.1629, 0.1915, 0.1979],\n",
      "        [0.2166, 0.2028, 0.1247, 0.2661, 0.1897],\n",
      "        [0.1204, 0.4410, 0.1258, 0.1529, 0.1599],\n",
      "        [0.1779, 0.2484, 0.1650, 0.2130, 0.1957],\n",
      "        [0.2103, 0.2021, 0.1472, 0.2604, 0.1799],\n",
      "        [0.1124, 0.4575, 0.1141, 0.1477, 0.1682],\n",
      "        [0.0898, 0.5523, 0.0964, 0.1229, 0.1386],\n",
      "        [0.1460, 0.3619, 0.1427, 0.1690, 0.1804],\n",
      "        [0.0982, 0.5145, 0.1015, 0.1347, 0.1510],\n",
      "        [0.2000, 0.2124, 0.1690, 0.2235, 0.1950],\n",
      "        [0.1964, 0.2192, 0.1616, 0.2294, 0.1934],\n",
      "        [0.1384, 0.3891, 0.1374, 0.1710, 0.1642],\n",
      "        [0.1468, 0.3562, 0.1371, 0.1875, 0.1723],\n",
      "        [0.1764, 0.2547, 0.1518, 0.2077, 0.2094],\n",
      "        [0.1473, 0.3474, 0.1486, 0.1742, 0.1825],\n",
      "        [0.1117, 0.4775, 0.1165, 0.1447, 0.1495],\n",
      "        [0.2200, 0.2013, 0.1224, 0.2719, 0.1845],\n",
      "        [0.1294, 0.4125, 0.1305, 0.1578, 0.1698],\n",
      "        [0.1365, 0.3875, 0.1412, 0.1652, 0.1697],\n",
      "        [0.0782, 0.6018, 0.0822, 0.1161, 0.1217],\n",
      "        [0.1695, 0.2702, 0.1475, 0.2198, 0.1930],\n",
      "        [0.2084, 0.2156, 0.1165, 0.2809, 0.1786],\n",
      "        [0.1261, 0.4204, 0.1254, 0.1553, 0.1727],\n",
      "        [0.1830, 0.2451, 0.1697, 0.2105, 0.1917]], grad_fn=<SoftmaxBackward0>)\n",
      "tensor([[8.2374e-02, 6.1465e-01, 8.1842e-02, 1.1536e-01, 1.0577e-01],\n",
      "        [2.2924e-01, 1.9013e-01, 1.2540e-01, 2.7730e-01, 1.7793e-01],\n",
      "        [2.8606e-02, 8.3800e-01, 2.9960e-02, 4.9314e-02, 5.4122e-02],\n",
      "        [2.2795e-01, 1.9735e-01, 1.3437e-01, 2.5196e-01, 1.8837e-01],\n",
      "        [2.2124e-02, 8.7217e-01, 2.4534e-02, 4.0072e-02, 4.1104e-02],\n",
      "        [2.4956e-01, 1.8430e-01, 1.1545e-01, 2.8149e-01, 1.6921e-01],\n",
      "        [2.7299e-01, 1.7653e-01, 7.8806e-02, 3.1792e-01, 1.5375e-01],\n",
      "        [6.2670e-02, 6.8396e-01, 6.4324e-02, 9.8519e-02, 9.0524e-02],\n",
      "        [2.2553e-01, 2.0094e-01, 1.4906e-01, 2.3647e-01, 1.8800e-01],\n",
      "        [1.7429e-01, 2.6432e-01, 1.4874e-01, 2.2248e-01, 1.9017e-01],\n",
      "        [2.0427e-02, 8.7933e-01, 2.2143e-02, 3.7264e-02, 4.0834e-02],\n",
      "        [2.6774e-02, 8.5202e-01, 2.8643e-02, 4.8055e-02, 4.4512e-02],\n",
      "        [1.1536e-02, 9.2719e-01, 1.2677e-02, 2.3108e-02, 2.5486e-02],\n",
      "        [7.3344e-03, 9.5159e-01, 8.2966e-03, 1.6051e-02, 1.6723e-02],\n",
      "        [6.5753e-03, 9.5536e-01, 7.5313e-03, 1.4597e-02, 1.5933e-02],\n",
      "        [2.5587e-01, 1.7817e-01, 1.0332e-01, 2.9492e-01, 1.6772e-01],\n",
      "        [2.5863e-01, 1.7161e-01, 9.3278e-02, 3.2284e-01, 1.5364e-01],\n",
      "        [2.7046e-01, 1.6712e-01, 9.0011e-02, 3.1510e-01, 1.5731e-01],\n",
      "        [9.6399e-02, 5.4595e-01, 9.7814e-02, 1.3273e-01, 1.2711e-01],\n",
      "        [2.2425e-01, 2.0022e-01, 1.3452e-01, 2.5316e-01, 1.8785e-01],\n",
      "        [9.6459e-02, 5.3482e-01, 8.7415e-02, 1.3397e-01, 1.4734e-01],\n",
      "        [1.4126e-01, 3.8238e-01, 1.3228e-01, 1.8174e-01, 1.6235e-01],\n",
      "        [1.4420e-03, 9.8824e-01, 1.8251e-03, 4.2914e-03, 4.1967e-03],\n",
      "        [2.0131e-01, 2.1793e-01, 1.5455e-01, 2.4219e-01, 1.8402e-01],\n",
      "        [8.9192e-04, 9.9201e-01, 1.1112e-03, 2.8446e-03, 3.1421e-03],\n",
      "        [2.8600e-03, 9.7822e-01, 3.4568e-03, 7.6642e-03, 7.7987e-03],\n",
      "        [2.5421e-02, 8.5320e-01, 2.7679e-02, 4.6227e-02, 4.7471e-02],\n",
      "        [1.1128e-01, 4.8924e-01, 1.1194e-01, 1.4294e-01, 1.4460e-01],\n",
      "        [1.9491e-02, 8.8672e-01, 2.1372e-02, 3.8661e-02, 3.3759e-02],\n",
      "        [7.8123e-02, 6.1010e-01, 7.9172e-02, 1.1558e-01, 1.1703e-01],\n",
      "        [2.4087e-01, 1.9047e-01, 1.2452e-01, 2.7593e-01, 1.6820e-01],\n",
      "        [1.1701e-01, 4.6370e-01, 1.1410e-01, 1.5436e-01, 1.5083e-01]],\n",
      "       grad_fn=<SoftmaxBackward0>)\n",
      "tensor([[7.8111e-04, 9.9407e-01, 6.5764e-04, 2.1456e-03, 2.3485e-03],\n",
      "        [2.6798e-01, 1.8018e-01, 1.1707e-01, 2.6112e-01, 1.7365e-01],\n",
      "        [2.0464e-01, 2.3690e-01, 1.4632e-01, 2.2421e-01, 1.8793e-01],\n",
      "        [2.6386e-04, 9.9795e-01, 2.2174e-04, 8.2909e-04, 7.3665e-04],\n",
      "        [5.0618e-03, 9.6898e-01, 4.7525e-03, 1.0866e-02, 1.0336e-02],\n",
      "        [3.7564e-01, 1.1939e-01, 5.1215e-02, 3.3668e-01, 1.1708e-01],\n",
      "        [6.2968e-02, 7.1567e-01, 5.6664e-02, 8.6905e-02, 7.7797e-02],\n",
      "        [1.0414e-04, 9.9911e-01, 9.0166e-05, 3.5822e-04, 3.4060e-04],\n",
      "        [9.5737e-02, 5.7311e-01, 8.4145e-02, 1.3504e-01, 1.1196e-01],\n",
      "        [3.6407e-01, 1.1937e-01, 4.8932e-02, 3.5337e-01, 1.1425e-01],\n",
      "        [3.2318e-01, 1.4381e-01, 7.5058e-02, 3.2381e-01, 1.3414e-01],\n",
      "        [3.4108e-01, 1.3991e-01, 6.3585e-02, 3.2386e-01, 1.3157e-01],\n",
      "        [1.6974e-05, 9.9982e-01, 1.4768e-05, 7.8410e-05, 7.3493e-05],\n",
      "        [1.6670e-01, 3.2174e-01, 1.3606e-01, 1.9863e-01, 1.7688e-01],\n",
      "        [2.3601e-02, 8.7757e-01, 2.2010e-02, 3.9982e-02, 3.6838e-02],\n",
      "        [8.0601e-04, 9.9421e-01, 7.1792e-04, 2.1425e-03, 2.1247e-03],\n",
      "        [2.1962e-04, 9.9823e-01, 1.9866e-04, 6.9728e-04, 6.5899e-04],\n",
      "        [2.5877e-01, 1.8162e-01, 1.0604e-01, 2.9908e-01, 1.5450e-01],\n",
      "        [9.3502e-03, 9.4727e-01, 8.5723e-03, 1.7583e-02, 1.7230e-02],\n",
      "        [2.8774e-01, 1.6593e-01, 1.0726e-01, 2.7870e-01, 1.6037e-01],\n",
      "        [3.3566e-01, 1.3655e-01, 6.7158e-02, 3.3062e-01, 1.3002e-01],\n",
      "        [2.7757e-04, 9.9788e-01, 2.4698e-04, 8.4663e-04, 7.5149e-04],\n",
      "        [8.9211e-04, 9.9351e-01, 7.7153e-04, 2.4979e-03, 2.3293e-03],\n",
      "        [4.8806e-03, 9.7043e-01, 4.4103e-03, 1.0378e-02, 9.9021e-03],\n",
      "        [2.3653e-01, 1.9487e-01, 1.3895e-01, 2.4879e-01, 1.8086e-01],\n",
      "        [1.2100e-01, 5.0803e-01, 7.8801e-02, 1.5943e-01, 1.3274e-01],\n",
      "        [1.0316e-03, 9.9303e-01, 9.1606e-04, 2.5729e-03, 2.4503e-03],\n",
      "        [3.3114e-01, 1.4371e-01, 6.7694e-02, 3.2097e-01, 1.3648e-01],\n",
      "        [4.7361e-01, 5.4096e-02, 9.0595e-03, 4.1575e-01, 4.7477e-02],\n",
      "        [2.6102e-01, 1.7266e-01, 1.1668e-01, 2.8481e-01, 1.6483e-01],\n",
      "        [3.1252e-01, 1.5259e-01, 8.4639e-02, 3.0239e-01, 1.4787e-01],\n",
      "        [2.2573e-01, 2.4081e-01, 1.0311e-01, 2.6247e-01, 1.6787e-01]],\n",
      "       grad_fn=<SoftmaxBackward0>)\n",
      "tensor([[3.2114e-01, 1.5672e-01, 8.9121e-02, 2.7935e-01, 1.5367e-01],\n",
      "        [3.4908e-01, 1.3498e-01, 7.9864e-02, 2.9785e-01, 1.3823e-01],\n",
      "        [2.8002e-07, 1.0000e+00, 1.3155e-07, 1.6404e-06, 1.4578e-06],\n",
      "        [8.8403e-02, 6.3940e-01, 5.4831e-02, 1.1324e-01, 1.0413e-01],\n",
      "        [3.0670e-01, 1.6270e-01, 9.8761e-02, 2.7074e-01, 1.6110e-01],\n",
      "        [3.4986e-01, 1.3350e-01, 7.4749e-02, 3.0707e-01, 1.3482e-01],\n",
      "        [3.3497e-01, 1.3930e-01, 8.1075e-02, 3.0346e-01, 1.4120e-01],\n",
      "        [3.4879e-01, 1.2760e-01, 6.6298e-02, 3.2927e-01, 1.2804e-01],\n",
      "        [2.7124e-03, 9.8471e-01, 1.9680e-03, 5.3415e-03, 5.2694e-03],\n",
      "        [9.3355e-02, 5.9555e-01, 7.5511e-02, 1.2048e-01, 1.1511e-01],\n",
      "        [2.0530e-01, 2.8151e-01, 1.0484e-01, 2.4141e-01, 1.6693e-01],\n",
      "        [3.8631e-01, 1.0845e-01, 5.2056e-02, 3.4427e-01, 1.0892e-01],\n",
      "        [1.9032e-05, 9.9983e-01, 1.1167e-05, 6.3709e-05, 7.2186e-05],\n",
      "        [7.1777e-05, 9.9943e-01, 4.4171e-05, 2.2356e-04, 2.2744e-04],\n",
      "        [1.4610e-03, 9.9127e-01, 9.5493e-04, 3.3884e-03, 2.9211e-03],\n",
      "        [4.9009e-05, 9.9962e-01, 3.0821e-05, 1.4783e-04, 1.5194e-04],\n",
      "        [4.6980e-01, 6.7776e-02, 2.3393e-02, 3.6915e-01, 6.9880e-02],\n",
      "        [4.8589e-01, 6.5099e-02, 2.1900e-02, 3.5875e-01, 6.8362e-02],\n",
      "        [2.5008e-01, 2.1972e-01, 9.3506e-02, 2.8815e-01, 1.4855e-01],\n",
      "        [2.7268e-04, 9.9819e-01, 1.7981e-04, 6.8063e-04, 6.7957e-04],\n",
      "        [2.6358e-01, 1.8397e-01, 1.1334e-01, 2.8508e-01, 1.5403e-01],\n",
      "        [5.1375e-01, 5.3094e-02, 1.5535e-02, 3.6258e-01, 5.5045e-02],\n",
      "        [5.8671e-01, 2.7035e-02, 5.4755e-03, 3.5112e-01, 2.9660e-02],\n",
      "        [1.7651e-01, 3.2042e-01, 1.2256e-01, 2.1730e-01, 1.6322e-01],\n",
      "        [4.3015e-02, 8.0117e-01, 3.1946e-02, 6.1982e-02, 6.1889e-02],\n",
      "        [6.0972e-03, 9.6774e-01, 4.6532e-03, 1.1001e-02, 1.0508e-02],\n",
      "        [5.0444e-01, 6.1315e-02, 1.9612e-02, 3.4926e-01, 6.5372e-02],\n",
      "        [9.2572e-06, 9.9991e-01, 5.3995e-06, 3.5361e-05, 3.5822e-05],\n",
      "        [1.6103e-05, 9.9986e-01, 8.9267e-06, 5.9850e-05, 5.6835e-05],\n",
      "        [4.4918e-08, 1.0000e+00, 2.1431e-08, 2.9168e-07, 3.0934e-07],\n",
      "        [6.3213e-06, 9.9994e-01, 3.6244e-06, 2.5713e-05, 2.5482e-05],\n",
      "        [5.0135e-02, 7.6819e-01, 3.8047e-02, 7.9201e-02, 6.4429e-02]],\n",
      "       grad_fn=<SoftmaxBackward0>)\n",
      "tensor([[3.4238e-01, 1.4369e-01, 8.4417e-02, 2.8885e-01, 1.4067e-01],\n",
      "        [6.6682e-01, 3.2134e-02, 8.6787e-03, 2.5112e-01, 4.1251e-02],\n",
      "        [5.1634e-05, 9.9967e-01, 2.0568e-05, 1.1381e-04, 1.4116e-04],\n",
      "        [8.0268e-01, 8.4962e-03, 1.2265e-03, 1.7470e-01, 1.2903e-02],\n",
      "        [6.9041e-01, 2.7286e-02, 6.6998e-03, 2.3997e-01, 3.5634e-02],\n",
      "        [3.4672e-11, 1.0000e+00, 4.3442e-12, 2.0320e-10, 4.5921e-10],\n",
      "        [5.7970e-01, 5.5294e-02, 1.9524e-02, 2.8074e-01, 6.4746e-02],\n",
      "        [2.6112e-04, 9.9855e-01, 1.2696e-04, 4.7772e-04, 5.8426e-04],\n",
      "        [5.4740e-04, 9.9703e-01, 2.7752e-04, 1.0017e-03, 1.1477e-03],\n",
      "        [3.9936e-01, 1.2273e-01, 6.5439e-02, 2.8371e-01, 1.2876e-01],\n",
      "        [1.6270e-05, 9.9989e-01, 5.9229e-06, 3.8845e-05, 5.1407e-05],\n",
      "        [1.5607e-03, 9.9232e-01, 7.2550e-04, 2.5979e-03, 2.7924e-03],\n",
      "        [5.0390e-01, 8.0369e-02, 3.4481e-02, 2.8882e-01, 9.2433e-02],\n",
      "        [7.6476e-02, 6.8277e-01, 5.4816e-02, 9.2413e-02, 9.3525e-02],\n",
      "        [1.9339e-05, 9.9987e-01, 6.3277e-06, 4.4244e-05, 6.1856e-05],\n",
      "        [1.5176e-01, 4.3655e-01, 9.3039e-02, 1.7181e-01, 1.4684e-01],\n",
      "        [4.5650e-01, 1.0206e-01, 5.1576e-02, 2.7432e-01, 1.1555e-01],\n",
      "        [4.6364e-03, 9.7826e-01, 2.5736e-03, 6.7912e-03, 7.7395e-03],\n",
      "        [1.0207e-07, 1.0000e+00, 2.7176e-08, 3.2979e-07, 5.6528e-07],\n",
      "        [7.2459e-05, 9.9956e-01, 3.0782e-05, 1.3982e-04, 1.9416e-04]],\n",
      "       grad_fn=<SoftmaxBackward0>)\n",
      "Epoch [1/25], Loss: 1.5315\n",
      "tensor([[8.9029e-01, 3.3586e-03, 4.7153e-04, 9.7669e-02, 8.2071e-03],\n",
      "        [8.0537e-14, 1.0000e+00, 2.0758e-15, 2.5911e-13, 2.6248e-12],\n",
      "        [4.9862e-06, 9.9997e-01, 9.9313e-07, 8.6879e-06, 1.9316e-05],\n",
      "        [4.9898e-06, 9.9997e-01, 7.1803e-07, 7.8033e-06, 1.9297e-05],\n",
      "        [8.8243e-01, 4.0706e-03, 5.7219e-04, 1.0374e-01, 9.1905e-03],\n",
      "        [1.7950e-11, 1.0000e+00, 8.6401e-13, 5.1709e-11, 3.0114e-10],\n",
      "        [2.7335e-01, 2.2210e-01, 6.6865e-02, 2.8977e-01, 1.4791e-01],\n",
      "        [3.1911e-07, 1.0000e+00, 5.0398e-08, 5.8575e-07, 1.7083e-06],\n",
      "        [3.8232e-01, 1.4063e-01, 6.3351e-02, 2.6973e-01, 1.4397e-01],\n",
      "        [5.7094e-10, 1.0000e+00, 4.4793e-11, 1.3666e-09, 6.3527e-09],\n",
      "        [7.5027e-01, 2.1536e-02, 6.1531e-03, 1.8338e-01, 3.8664e-02],\n",
      "        [2.0263e-01, 3.6749e-01, 5.9925e-02, 2.0142e-01, 1.6854e-01],\n",
      "        [5.4179e-16, 1.0000e+00, 7.4048e-18, 2.3505e-15, 2.9916e-14],\n",
      "        [3.9987e-01, 1.5069e-01, 4.8437e-02, 2.6870e-01, 1.3230e-01],\n",
      "        [2.3896e-03, 9.8855e-01, 5.8034e-04, 3.6418e-03, 4.8374e-03],\n",
      "        [5.2357e-01, 8.2130e-02, 3.8783e-02, 2.5200e-01, 1.0353e-01],\n",
      "        [1.1450e-01, 5.7221e-01, 5.4869e-02, 1.2767e-01, 1.3075e-01],\n",
      "        [9.9494e-01, 2.5999e-06, 2.8854e-08, 5.0314e-03, 2.1951e-05],\n",
      "        [5.8254e-01, 6.3501e-02, 2.7587e-02, 2.3555e-01, 9.0826e-02],\n",
      "        [7.4113e-01, 2.2366e-02, 6.3841e-03, 1.9220e-01, 3.7920e-02],\n",
      "        [3.7785e-10, 1.0000e+00, 2.7410e-11, 9.2520e-10, 4.4319e-09],\n",
      "        [5.0136e-01, 8.6601e-02, 3.7546e-02, 2.6615e-01, 1.0834e-01],\n",
      "        [6.9757e-06, 9.9995e-01, 1.3631e-06, 1.3373e-05, 2.5921e-05],\n",
      "        [3.9117e-07, 1.0000e+00, 6.1301e-08, 7.1943e-07, 2.0762e-06],\n",
      "        [8.0261e-01, 1.3080e-02, 2.9597e-03, 1.5704e-01, 2.4318e-02],\n",
      "        [6.2160e-04, 9.9694e-01, 2.2429e-04, 7.9372e-04, 1.4219e-03],\n",
      "        [8.3453e-01, 9.5818e-03, 1.9561e-03, 1.3350e-01, 2.0436e-02],\n",
      "        [2.4252e-01, 2.8686e-01, 8.9314e-02, 2.0106e-01, 1.8024e-01],\n",
      "        [7.3008e-01, 2.4778e-02, 7.3658e-03, 1.9712e-01, 4.0660e-02],\n",
      "        [7.5116e-04, 9.9627e-01, 2.0212e-04, 1.1109e-03, 1.6618e-03],\n",
      "        [1.3620e-09, 1.0000e+00, 1.0524e-10, 3.1193e-09, 1.4237e-08],\n",
      "        [6.7639e-04, 9.9664e-01, 2.0944e-04, 8.8675e-04, 1.5824e-03]],\n",
      "       grad_fn=<SoftmaxBackward0>)\n",
      "tensor([[5.3865e-10, 1.0000e+00, 2.6781e-11, 9.4821e-10, 9.7818e-09],\n",
      "        [4.0647e-06, 9.9997e-01, 4.6837e-07, 6.1035e-06, 1.9150e-05],\n",
      "        [3.7250e-08, 1.0000e+00, 2.8294e-09, 4.9378e-08, 3.4780e-07],\n",
      "        [9.4492e-05, 9.9949e-01, 1.6569e-05, 1.1450e-04, 2.8893e-04],\n",
      "        [6.6622e-20, 1.0000e+00, 1.4036e-22, 1.9219e-19, 2.4193e-17],\n",
      "        [2.2148e-08, 1.0000e+00, 1.7300e-09, 3.1596e-08, 2.1976e-07],\n",
      "        [2.6963e-04, 9.9853e-01, 7.1590e-05, 3.0285e-04, 8.2298e-04],\n",
      "        [9.0736e-01, 1.3745e-03, 1.9276e-04, 8.5706e-02, 5.3650e-03],\n",
      "        [6.9951e-01, 2.7220e-02, 9.7522e-03, 2.1005e-01, 5.3472e-02],\n",
      "        [3.6251e-07, 1.0000e+00, 3.9343e-08, 4.8333e-07, 2.5856e-06],\n",
      "        [1.1265e-14, 1.0000e+00, 1.0604e-16, 2.4478e-14, 7.8541e-13],\n",
      "        [8.2290e-01, 7.9264e-03, 1.8664e-03, 1.4675e-01, 2.0559e-02],\n",
      "        [9.5599e-01, 2.3784e-04, 1.8583e-05, 4.2394e-02, 1.3558e-03],\n",
      "        [7.7124e-01, 1.2589e-02, 3.5769e-03, 1.8330e-01, 2.9289e-02],\n",
      "        [5.9748e-10, 1.0000e+00, 2.8704e-11, 9.8677e-10, 9.9062e-09],\n",
      "        [7.7781e-08, 1.0000e+00, 6.5422e-09, 1.0840e-07, 7.1434e-07],\n",
      "        [7.9602e-01, 1.0922e-02, 2.7486e-03, 1.6447e-01, 2.5840e-02],\n",
      "        [4.4289e-01, 1.0650e-01, 5.6542e-02, 2.5851e-01, 1.3556e-01],\n",
      "        [2.1982e-14, 1.0000e+00, 2.7977e-16, 4.6909e-14, 1.5890e-12],\n",
      "        [1.0475e-06, 9.9999e-01, 1.3716e-07, 1.3567e-06, 6.7617e-06],\n",
      "        [3.0091e-01, 2.2921e-01, 6.5156e-02, 2.3131e-01, 1.7341e-01],\n",
      "        [2.6888e-03, 9.8738e-01, 7.7105e-04, 3.0206e-03, 6.1391e-03],\n",
      "        [4.8400e-01, 8.5276e-02, 4.6586e-02, 2.6326e-01, 1.2088e-01],\n",
      "        [6.1670e-01, 4.4806e-02, 1.8416e-02, 2.4690e-01, 7.3180e-02],\n",
      "        [6.6512e-01, 3.4608e-02, 1.3735e-02, 2.2280e-01, 6.3737e-02],\n",
      "        [1.4978e-01, 5.1195e-01, 4.5294e-02, 1.4332e-01, 1.4966e-01],\n",
      "        [3.2524e-15, 1.0000e+00, 3.0736e-17, 7.3091e-15, 2.7316e-13],\n",
      "        [2.6376e-14, 1.0000e+00, 3.0433e-16, 5.7364e-14, 1.7051e-12],\n",
      "        [8.5289e-01, 4.7166e-03, 9.7323e-04, 1.2771e-01, 1.3702e-02],\n",
      "        [3.9745e-01, 1.1549e-01, 6.9111e-02, 2.7799e-01, 1.3996e-01],\n",
      "        [3.6126e-11, 1.0000e+00, 1.1569e-12, 6.9618e-11, 8.8528e-10],\n",
      "        [2.5482e-02, 9.0602e-01, 8.0833e-03, 2.3028e-02, 3.7392e-02]],\n",
      "       grad_fn=<SoftmaxBackward0>)\n",
      "tensor([[7.7440e-01, 1.2396e-02, 3.9014e-03, 1.7585e-01, 3.3458e-02],\n",
      "        [1.3095e-06, 9.9999e-01, 9.5930e-08, 1.2363e-06, 8.7855e-06],\n",
      "        [9.6980e-01, 8.4715e-05, 6.5977e-06, 2.9322e-02, 7.8369e-04],\n",
      "        [1.4865e-05, 9.9990e-01, 1.3972e-06, 1.3133e-05, 6.9060e-05],\n",
      "        [1.3568e-21, 1.0000e+00, 3.2865e-25, 1.2500e-21, 1.3814e-18],\n",
      "        [9.8222e-16, 1.0000e+00, 2.2084e-18, 8.9749e-16, 1.4394e-13],\n",
      "        [7.4891e-01, 1.5863e-02, 5.4886e-03, 1.8941e-01, 4.0329e-02],\n",
      "        [8.4061e-01, 6.0123e-03, 1.5125e-03, 1.3264e-01, 1.9221e-02],\n",
      "        [8.1674e-01, 9.2828e-03, 2.3887e-03, 1.4444e-01, 2.7142e-02],\n",
      "        [1.9876e-20, 1.0000e+00, 7.6165e-24, 1.5822e-20, 1.4096e-17],\n",
      "        [1.8006e-15, 1.0000e+00, 4.7064e-18, 1.6084e-15, 2.4166e-13],\n",
      "        [8.1484e-01, 9.2297e-03, 2.3771e-03, 1.4621e-01, 2.7344e-02],\n",
      "        [9.7657e-01, 4.4318e-05, 2.8171e-06, 2.2897e-02, 4.8243e-04],\n",
      "        [1.0307e-02, 9.5858e-01, 2.5041e-03, 1.0815e-02, 1.7794e-02],\n",
      "        [1.4094e-09, 1.0000e+00, 3.4973e-11, 1.1721e-09, 2.6801e-08],\n",
      "        [9.9537e-01, 7.6517e-07, 1.5206e-08, 4.6035e-03, 2.2856e-05],\n",
      "        [3.5204e-09, 1.0000e+00, 9.4696e-11, 3.4894e-09, 5.6553e-08],\n",
      "        [4.4581e-01, 9.9989e-02, 5.8571e-02, 2.5668e-01, 1.3895e-01],\n",
      "        [9.4703e-01, 3.2351e-04, 3.6768e-05, 5.0389e-02, 2.2226e-03],\n",
      "        [7.2312e-01, 2.1772e-02, 8.0223e-03, 1.9716e-01, 4.9922e-02],\n",
      "        [5.5776e-09, 1.0000e+00, 1.7036e-10, 5.0296e-09, 8.2516e-08],\n",
      "        [4.6183e-01, 8.6399e-02, 5.2443e-02, 2.7491e-01, 1.2442e-01],\n",
      "        [9.4058e-20, 1.0000e+00, 3.9901e-23, 9.2643e-20, 4.9865e-17],\n",
      "        [9.3369e-01, 6.2454e-04, 8.3922e-05, 6.2069e-02, 3.5379e-03],\n",
      "        [4.7423e-03, 9.8089e-01, 6.7570e-04, 4.3133e-03, 9.3807e-03],\n",
      "        [6.9032e-10, 1.0000e+00, 1.5282e-11, 7.8202e-10, 1.4427e-08],\n",
      "        [1.1202e-11, 1.0000e+00, 1.4214e-13, 1.0298e-11, 4.4628e-10],\n",
      "        [9.0336e-01, 1.6531e-03, 2.8980e-04, 8.7232e-02, 7.4680e-03],\n",
      "        [9.6494e-01, 9.2537e-05, 7.8036e-06, 3.4114e-02, 8.4843e-04],\n",
      "        [7.8968e-01, 1.0103e-02, 3.0915e-03, 1.6852e-01, 2.8608e-02],\n",
      "        [2.7058e-05, 9.9983e-01, 1.9761e-06, 2.0982e-05, 1.1679e-04],\n",
      "        [9.9127e-01, 3.0384e-06, 9.8347e-08, 8.6653e-03, 6.4364e-05]],\n",
      "       grad_fn=<SoftmaxBackward0>)\n",
      "tensor([[9.7664e-01, 4.7098e-05, 3.5912e-06, 2.2587e-02, 7.2412e-04],\n",
      "        [1.0507e-12, 1.0000e+00, 3.6965e-15, 5.4375e-13, 7.8187e-11],\n",
      "        [9.7961e-01, 3.5274e-05, 2.4585e-06, 1.9775e-02, 5.8065e-04],\n",
      "        [3.7003e-16, 1.0000e+00, 2.8257e-19, 1.4802e-16, 9.6350e-14],\n",
      "        [4.9690e-07, 9.9999e-01, 2.4455e-08, 3.3109e-07, 4.7151e-06],\n",
      "        [1.2503e-15, 1.0000e+00, 1.2208e-18, 5.0614e-16, 2.7185e-13],\n",
      "        [8.6844e-01, 3.9402e-03, 9.4402e-04, 1.0916e-01, 1.7511e-02],\n",
      "        [1.9796e-10, 1.0000e+00, 2.0590e-12, 1.0254e-10, 6.8697e-09],\n",
      "        [7.6745e-01, 1.3677e-02, 4.7535e-03, 1.7234e-01, 4.1773e-02],\n",
      "        [4.5018e-01, 1.0104e-01, 5.1307e-02, 2.5091e-01, 1.4657e-01],\n",
      "        [1.2459e-16, 1.0000e+00, 7.9619e-20, 4.4737e-17, 4.0383e-14],\n",
      "        [9.9824e-01, 5.3908e-08, 7.5815e-10, 1.7512e-03, 5.3134e-06],\n",
      "        [9.8841e-01, 7.3346e-06, 3.5796e-07, 1.1397e-02, 1.8669e-04],\n",
      "        [5.6387e-11, 1.0000e+00, 4.2084e-13, 2.5080e-11, 2.3683e-09],\n",
      "        [1.1736e-17, 1.0000e+00, 4.6873e-21, 4.1648e-18, 5.4594e-15],\n",
      "        [5.3832e-01, 6.2563e-02, 3.3421e-02, 2.5433e-01, 1.1137e-01],\n",
      "        [3.7683e-17, 1.0000e+00, 1.8574e-20, 1.2605e-17, 1.3966e-14],\n",
      "        [2.2460e-07, 1.0000e+00, 6.9024e-09, 1.0594e-07, 2.3332e-06],\n",
      "        [6.1120e-01, 4.1755e-02, 2.0356e-02, 2.4016e-01, 8.6526e-02],\n",
      "        [9.5621e-11, 1.0000e+00, 6.2660e-13, 4.7719e-11, 3.4625e-09],\n",
      "        [3.7334e-09, 1.0000e+00, 6.1350e-11, 2.0016e-09, 7.8316e-08],\n",
      "        [1.9831e-07, 1.0000e+00, 8.2244e-09, 1.2855e-07, 2.1425e-06],\n",
      "        [9.8868e-01, 8.4262e-06, 3.9996e-07, 1.1102e-02, 2.0740e-04],\n",
      "        [9.6010e-01, 1.6990e-04, 1.8378e-05, 3.7914e-02, 1.7963e-03],\n",
      "        [9.0768e-01, 1.6393e-03, 2.9950e-04, 8.1206e-02, 9.1781e-03],\n",
      "        [1.7489e-05, 9.9987e-01, 1.5315e-06, 1.1190e-05, 9.5178e-05],\n",
      "        [7.2684e-10, 1.0000e+00, 7.5655e-12, 2.7265e-10, 2.0707e-08],\n",
      "        [1.4838e-06, 9.9999e-01, 8.4359e-08, 9.7660e-07, 1.2151e-05],\n",
      "        [1.5971e-09, 1.0000e+00, 2.2025e-11, 7.3073e-10, 4.0508e-08],\n",
      "        [4.2272e-01, 1.4209e-01, 5.2283e-02, 2.1024e-01, 1.7267e-01],\n",
      "        [8.3674e-01, 5.8286e-03, 1.5972e-03, 1.3333e-01, 2.2508e-02],\n",
      "        [8.0743e-01, 8.5415e-03, 2.6508e-03, 1.5146e-01, 2.9920e-02]],\n",
      "       grad_fn=<SoftmaxBackward0>)\n",
      "tensor([[4.4766e-01, 1.1471e-01, 4.6860e-02, 2.2477e-01, 1.6600e-01],\n",
      "        [6.2174e-16, 1.0000e+00, 2.7347e-19, 1.0134e-16, 2.6323e-13],\n",
      "        [6.5074e-09, 1.0000e+00, 5.5579e-11, 2.7890e-09, 1.4455e-07],\n",
      "        [2.6362e-01, 2.5681e-01, 8.3584e-02, 1.9254e-01, 2.0344e-01],\n",
      "        [2.4204e-16, 1.0000e+00, 8.6638e-20, 3.9977e-17, 1.1185e-13],\n",
      "        [1.3002e-21, 1.0000e+00, 4.0156e-26, 1.0278e-22, 4.9432e-18],\n",
      "        [9.8649e-01, 1.2186e-05, 6.8490e-07, 1.3098e-02, 3.9576e-04],\n",
      "        [9.7028e-01, 1.0341e-04, 9.7590e-06, 2.7931e-02, 1.6792e-03],\n",
      "        [9.8773e-01, 1.0151e-05, 5.4062e-07, 1.1907e-02, 3.5190e-04],\n",
      "        [9.9720e-01, 2.1970e-07, 4.6632e-09, 2.7723e-03, 2.4495e-05],\n",
      "        [8.5185e-01, 4.7537e-03, 1.1898e-03, 1.1901e-01, 2.3198e-02],\n",
      "        [9.9505e-01, 9.6387e-07, 2.9018e-08, 4.8833e-03, 6.6739e-05],\n",
      "        [7.3442e-01, 1.7392e-02, 6.7807e-03, 1.8653e-01, 5.4873e-02],\n",
      "        [1.0969e-06, 9.9999e-01, 4.1175e-08, 4.8467e-07, 1.1231e-05],\n",
      "        [4.5158e-01, 2.0947e-01, 1.4184e-02, 1.4822e-01, 1.7654e-01],\n",
      "        [3.6766e-09, 1.0000e+00, 3.6993e-11, 1.3122e-09, 9.6489e-08],\n",
      "        [9.9649e-01, 4.5432e-07, 1.0958e-08, 3.4741e-03, 3.9838e-05],\n",
      "        [6.2753e-01, 4.2352e-02, 1.7940e-02, 2.1449e-01, 9.7690e-02],\n",
      "        [6.5183e-17, 1.0000e+00, 1.6453e-20, 7.4387e-18, 4.0654e-14],\n",
      "        [9.9782e-01, 1.0276e-07, 1.8243e-09, 2.1693e-03, 1.4347e-05],\n",
      "        [5.8339e-12, 1.0000e+00, 1.9486e-14, 1.5068e-12, 5.1526e-10],\n",
      "        [3.0164e-04, 9.9844e-01, 2.0374e-05, 1.6286e-04, 1.0741e-03],\n",
      "        [6.9765e-01, 3.2025e-02, 6.1127e-03, 1.8400e-01, 8.0211e-02],\n",
      "        [7.1227e-01, 1.9432e-02, 7.3418e-03, 2.0489e-01, 5.6068e-02],\n",
      "        [8.8801e-01, 2.2492e-03, 4.8514e-04, 9.5349e-02, 1.3910e-02],\n",
      "        [3.8888e-16, 1.0000e+00, 1.7328e-19, 5.5226e-17, 1.6910e-13],\n",
      "        [6.6194e-02, 7.7302e-01, 1.6111e-02, 4.6072e-02, 9.8605e-02],\n",
      "        [9.5122e-01, 3.2717e-04, 4.1496e-05, 4.4653e-02, 3.7611e-03],\n",
      "        [3.8114e-21, 1.0000e+00, 1.4368e-25, 4.0670e-22, 1.1789e-17],\n",
      "        [3.0841e-11, 1.0000e+00, 1.7851e-13, 8.9218e-12, 1.9877e-09],\n",
      "        [8.1022e-01, 9.0392e-03, 2.5870e-03, 1.4218e-01, 3.5975e-02],\n",
      "        [8.5156e-01, 5.0244e-03, 1.3149e-03, 1.1843e-01, 2.3666e-02]],\n",
      "       grad_fn=<SoftmaxBackward0>)\n",
      "tensor([[8.4471e-11, 1.0000e+00, 5.2564e-13, 2.3045e-11, 1.0892e-08],\n",
      "        [1.8028e-06, 9.9997e-01, 6.9135e-08, 7.6451e-07, 2.8374e-05],\n",
      "        [7.0805e-24, 1.0000e+00, 6.7115e-29, 4.9204e-25, 4.4038e-19],\n",
      "        [9.9942e-01, 4.2615e-10, 2.1676e-12, 5.7464e-04, 7.6651e-07],\n",
      "        [6.9337e-01, 1.8797e-02, 7.8965e-03, 2.1492e-01, 6.5010e-02],\n",
      "        [4.7129e-01, 9.9792e-02, 3.1448e-02, 2.3093e-01, 1.6653e-01],\n",
      "        [3.2651e-11, 1.0000e+00, 1.3053e-13, 9.4510e-12, 4.7831e-09],\n",
      "        [9.8666e-01, 3.4135e-06, 1.6009e-07, 1.3065e-02, 2.7419e-04],\n",
      "        [1.5514e-21, 1.0000e+00, 3.6594e-26, 1.7358e-22, 2.7799e-17],\n",
      "        [2.4807e-06, 9.9996e-01, 4.6349e-08, 1.2443e-06, 3.4978e-05],\n",
      "        [4.5893e-04, 9.9705e-01, 5.4642e-05, 2.6108e-04, 2.1725e-03],\n",
      "        [9.8124e-01, 7.9916e-06, 4.6512e-07, 1.8287e-02, 4.6640e-04],\n",
      "        [8.4378e-01, 3.4224e-03, 8.3564e-04, 1.2844e-01, 2.3522e-02],\n",
      "        [3.8184e-01, 1.2159e-01, 6.9922e-02, 2.4653e-01, 1.8012e-01],\n",
      "        [4.0504e-28, 1.0000e+00, 5.5989e-34, 2.4026e-29, 1.7675e-22],\n",
      "        [5.3793e-01, 1.2928e-01, 9.4979e-04, 2.2224e-01, 1.0961e-01],\n",
      "        [2.0463e-23, 1.0000e+00, 2.5953e-28, 1.5536e-24, 1.0086e-18],\n",
      "        [2.5301e-14, 1.0000e+00, 2.8744e-17, 5.8706e-15, 1.6660e-11],\n",
      "        [6.1347e-12, 1.0000e+00, 1.7226e-14, 1.7799e-12, 1.1956e-09],\n",
      "        [7.2559e-17, 1.0000e+00, 1.3687e-20, 1.4531e-17, 1.5284e-13],\n",
      "        [8.5576e-01, 3.0702e-03, 6.5054e-04, 1.1872e-01, 2.1801e-02],\n",
      "        [7.7772e-16, 1.0000e+00, 3.4416e-19, 1.6020e-16, 1.0024e-12],\n",
